# Game Level Exporter v1.3
LIGHT
Light
<Matrix 4x4 ( 0.2851, -0.0552,  -0.9569, 0.0000)
            ( 0.7723,  0.6045,   0.1952, 0.0000)
            ( 0.5677, -0.7947,   0.2150, 0.0000)
            (-0.0622,  9.2593, -10.5749, 1.0000)>
CAMERA
Camera
<Matrix 4x4 ( 0.6859,  0.0000,  0.7277, 0.0000)
            (-0.3240,  0.8954,  0.3054, 0.0000)
            (-0.6516, -0.4453,  0.6142, 0.0000)
            ( 7.3589,  4.9583, -6.9258, 1.0000)>
MESH
Coin
<Matrix 4x4 (-1.0000, -0.0000,  0.0060, 0.0000)
            ( 0.0000,  1.0000,  0.0000, 0.0000)
            (-0.0060,  0.0000, -1.0000, 0.0000)
            (-1.3374,  1.7835,  0.4980, 1.0000)>
MESH
Mushroom
<Matrix 4x4 (-0.5000, -0.0000,  0.0030, 0.0000)
            ( 0.0000,  0.5000,  0.0000, 0.0000)
            (-0.0030,  0.0000, -0.5000, 0.0000)
            ( 2.7323,  0.9402,  2.1513, 1.0000)>
MESH
Spikes_Platform
<Matrix 4x4 (-1.0000, -0.0000,  0.0060, 0.0000)
            ( 0.0000,  1.0000,  0.0000, 0.0000)
            (-0.0060,  0.0000, -1.0000, 0.0000)
            ( 0.0160,  0.9248, -0.9998, 1.0000)>
MESH
Pipe
<Matrix 4x4 ( 0.0000, -1.0000,  0.0000, 0.0000)
            ( 1.8300,  0.0000,  0.0002, 0.0000)
            (-0.0001, -0.0000,  1.0000, 0.0000)
            (-7.6726,  3.6089, -0.9791, 1.0000)>
MESH
Platform_CenterMiddle.002
<Matrix 4x4 (-2.5000, 0.0000,  0.0151, 0.0000)
            ( 0.0000, 1.0000,  0.0000, 0.0000)
            (-0.0151, 0.0000, -2.5000, 0.0000)
            ( 1.6497, 0.0000, -1.0097, 1.0000)>
MESH
Mushroom.001
<Matrix 4x4 (-1.0000, 0.0000,  0.0060, 0.0000)
            ( 0.0000, 1.0000,  0.0000, 0.0000)
            (-0.0060, 0.0000, -1.0000, 0.0000)
            ( 2.3773, 0.9402,  2.2521, 1.0000)>
MESH
Mushroom.002
<Matrix 4x4 ( 0.4284, 0.0000,  0.9036, 0.0000)
            ( 0.0000, 1.0000, -0.0000, 0.0000)
            (-0.9036, 0.0000,  0.4284, 0.0000)
            (-4.5628, 0.9402,  1.9513, 1.0000)>
MESH
Mushroom.003
<Matrix 4x4 ( 0.2142, 0.0000,  0.4518, 0.0000)
            ( 0.0000, 0.5000, -0.0000, 0.0000)
            (-0.4518, 0.0000,  0.2142, 0.0000)
            (-4.8044, 0.9402,  1.6722, 1.0000)>
MESH
Spikes_Platform.001
<Matrix 4x4 (-1.0000, 0.0000,  0.0060, 0.0000)
            ( 0.0000, 1.0000,  0.0000, 0.0000)
            (-0.0060, 0.0000, -1.0000, 0.0000)
            ( 0.0260, 0.9248,  0.6654, 1.0000)>
MESH
Spikes_Platform.002
<Matrix 4x4 (-1.0000, 0.0000,  0.0060, 0.0000)
            ( 0.0000, 1.0000,  0.0000, 0.0000)
            (-0.0060, 0.0000, -1.0000, 0.0000)
            ( 0.0359, 0.9248,  2.3025, 1.0000)>
MESH
Spikes_Platform.003
<Matrix 4x4 (-1.0000, 0.0000,  0.0060, 0.0000)
            ( 0.0000, 1.0000,  0.0000, 0.0000)
            (-0.0060, 0.0000, -1.0000, 0.0000)
            ( 0.0066, 0.9248, -2.5542, 1.0000)>
MESH
Spikes_Platform.004
<Matrix 4x4 (-1.0000, 0.0000, -0.0000, 0.0000)
            (-0.0000, 1.0000,  0.0000, 0.0000)
            ( 0.0000, 0.0000, -1.0000, 0.0000)
            (-0.0023, 0.9248, -4.0279, 1.0000)>
MESH
Platform_CenterMiddle.003
<Matrix 4x4 (-2.5000, 0.0000,  0.0151, 0.0000)
            ( 0.0000, 1.0000,  0.0000, 0.0000)
            (-0.0151, 0.0000, -2.5000, 0.0000)
            (-3.3456, 0.0000, -0.9796, 1.0000)>
MESH
Coin.001
<Matrix 4x4 (-1.0000, 0.0000,  0.0060, 0.0000)
            ( 0.0000, 1.0000,  0.0000, 0.0000)
            (-0.0060, 0.0000, -1.0000, 0.0000)
            (-2.2770, 1.7835,  0.6122, 1.0000)>
MESH
Coin.002
<Matrix 4x4 (-1.0000, 0.0000,  0.0060, 0.0000)
            ( 0.0000, 1.0000,  0.0000, 0.0000)
            (-0.0060, 0.0000, -1.0000, 0.0000)
            (-3.2003, 1.7835,  0.6178, 1.0000)>
MESH
Coin.003
<Matrix 4x4 (-1.0000, 0.0000,  0.0060, 0.0000)
            ( 0.0000, 1.0000,  0.0000, 0.0000)
            (-0.0060, 0.0000, -1.0000, 0.0000)
            (-3.2084, 1.7835, -0.7248, 1.0000)>
MESH
Coin.004
<Matrix 4x4 (-1.0000, 0.0000,  0.0060, 0.0000)
            ( 0.0000, 1.0000,  0.0000, 0.0000)
            (-0.0060, 0.0000, -1.0000, 0.0000)
            (-2.2328, 1.7835, -0.7307, 1.0000)>
MESH
Coin.005
<Matrix 4x4 (-1.0000, 0.0000,  0.0060, 0.0000)
            ( 0.0000, 1.0000,  0.0000, 0.0000)
            (-0.0060, 0.0000, -1.0000, 0.0000)
            (-1.3494, 1.7835, -0.7361, 1.0000)>
MESH
Coin.006
<Matrix 4x4 (-1.0000, 0.0000,  0.0060, 0.0000)
            ( 0.0000, 1.0000,  0.0000, 0.0000)
            (-0.0060, 0.0000, -1.0000, 0.0000)
            ( 3.5449, 1.7835,  0.0355, 1.0000)>
MESH
Coin.007
<Matrix 4x4 (-1.0000, 0.0000,  0.0060, 0.0000)
            ( 0.0000, 1.0000,  0.0000, 0.0000)
            (-0.0060, 0.0000, -1.0000, 0.0000)
            ( 2.6615, 1.7835,  0.0408, 1.0000)>
MESH
Coin.008
<Matrix 4x4 (-1.0000, 0.0000,  0.0060, 0.0000)
            ( 0.0000, 1.0000,  0.0000, 0.0000)
            (-0.0060, 0.0000, -1.0000, 0.0000)
            ( 1.6859, 1.7835,  0.0467, 1.0000)>
MESH
Coin.009
<Matrix 4x4 (-1.0000, 0.0000,  0.0060, 0.0000)
            ( 0.0000, 1.0000,  0.0000, 0.0000)
            (-0.0060, 0.0000, -1.0000, 0.0000)
            ( 1.6940, 1.7835,  1.3893, 1.0000)>
MESH
Coin.010
<Matrix 4x4 (-1.0000, 0.0000,  0.0060, 0.0000)
            ( 0.0000, 1.0000,  0.0000, 0.0000)
            (-0.0060, 0.0000, -1.0000, 0.0000)
            ( 2.6173, 1.7835,  1.3838, 1.0000)>
MESH
Coin.011
<Matrix 4x4 (-1.0000, 0.0000,  0.0060, 0.0000)
            ( 0.0000, 1.0000,  0.0000, 0.0000)
            (-0.0060, 0.0000, -1.0000, 0.0000)
            ( 3.5569, 1.7835,  1.2695, 1.0000)>
MESH
Coin.012
<Matrix 4x4 (-1.0000, 0.0000,  0.0060, 0.0000)
            ( 0.0000, 1.0000,  0.0000, 0.0000)
            (-0.0060, 0.0000, -1.0000, 0.0000)
            ( 3.4520, 1.7835, -4.3119, 1.0000)>
MESH
Coin.013
<Matrix 4x4 (-1.0000, 0.0000,  0.0060, 0.0000)
            ( 0.0000, 1.0000,  0.0000, 0.0000)
            (-0.0060, 0.0000, -1.0000, 0.0000)
            ( 2.5687, 1.7835, -4.3066, 1.0000)>
MESH
Coin.014
<Matrix 4x4 (-1.0000, 0.0000,  0.0060, 0.0000)
            ( 0.0000, 1.0000,  0.0000, 0.0000)
            (-0.0060, 0.0000, -1.0000, 0.0000)
            ( 1.5931, 1.7835, -4.3007, 1.0000)>
MESH
Coin.015
<Matrix 4x4 (-1.0000, 0.0000,  0.0060, 0.0000)
            ( 0.0000, 1.0000,  0.0000, 0.0000)
            (-0.0060, 0.0000, -1.0000, 0.0000)
            ( 1.6012, 1.7835, -2.9581, 1.0000)>
MESH
Coin.016
<Matrix 4x4 (-1.0000, 0.0000,  0.0060, 0.0000)
            ( 0.0000, 1.0000,  0.0000, 0.0000)
            (-0.0060, 0.0000, -1.0000, 0.0000)
            ( 2.5245, 1.7835, -2.9636, 1.0000)>
MESH
Coin.017
<Matrix 4x4 (-1.0000, 0.0000,  0.0060, 0.0000)
            ( 0.0000, 1.0000,  0.0000, 0.0000)
            (-0.0060, 0.0000, -1.0000, 0.0000)
            ( 3.4640, 1.7835, -3.0779, 1.0000)>
MESH
Pipe.001
<Matrix 4x4 ( 0.0000, 0.0000, -1.0000, 0.0000)
            (-1.0000, 0.0000, -0.0000, 0.0000)
            (-0.0000, 1.0000,  0.0000, 0.0000)
            ( 5.1164, 2.6617, -1.7229, 1.0000)>
MESH
Fence
<Matrix 4x4 ( 1.0000, 0.0000,  0.0000, 0.0000)
            ( 0.0000, 1.0000, -0.0000, 0.0000)
            ( 0.0000, 0.0000,  1.0000, 0.0000)
            (-4.1196, 1.0062, -4.7448, 1.0000)>
MESH
Crate
<Matrix 4x4 ( 1.0000, 0.0000,  0.0000, 0.0000)
            ( 0.0000, 1.0000, -0.0000, 0.0000)
            ( 0.0000, 0.0000,  1.0000, 0.0000)
            (-1.4258, 1.5482,  1.6276, 1.0000)>
MESH
Tree3
<Matrix 4x4 ( 0.5650, 0.0000,  0.8251, 0.0000)
            ( 0.0000, 1.0000, -0.0000, 0.0000)
            (-0.8251, 0.0000,  0.5650, 0.0000)
            (-1.9467, 0.0000, -4.3824, 1.0000)>
MESH
Platform_TopLeft
<Matrix 4x4 ( 1.6300, 0.0000,  0.0000, 0.0000)
            ( 0.0000, 4.3400, -0.0000, 0.0000)
            ( 0.0000, 0.0000,  3.0600, 0.0000)
            (-7.3776, 3.4727,  0.0000, 1.0000)>
MESH
Platform_TopRight
<Matrix 4x4 (1.6300, 0.0000,  0.0000, 0.0000)
            (0.0000, 4.3400, -0.0000, 0.0000)
            (0.0000, 0.0000,  3.0600, 0.0000)
            (5.7026, 3.2209,  0.0000, 1.0000)>
MESH
Platform_TopLeft.001
<Matrix 4x4 (-0.0000, 0.0000, -1.6300, 0.0000)
            (-0.0000, 4.3400,  0.0000, 0.0000)
            ( 3.0600, 0.0000, -0.0000, 0.0000)
            (-0.7901, 3.4727,  4.6910, 1.0000)>
