# Game Level Exporter v1.3
LIGHT
Light
<Matrix 4x4 (-0.2909, -0.0552,  0.9552, 0.0000)
            (-0.7711,  0.6045, -0.1999, 0.0000)
            (-0.5664, -0.7947, -0.2184, 0.0000)
            ( 4.0762,  5.9039,  1.0055, 1.0000)>
CAMERA
Camera
<Matrix 4x4 ( 0.6859,  0.0000,  0.7277, 0.0000)
            (-0.3240,  0.8954,  0.3054, 0.0000)
            (-0.6516, -0.4453,  0.6142, 0.0000)
            ( 7.3589,  4.9583, -6.9258, 1.0000)>
MESH
Star
<Matrix 4x4 (1.0000, 0.0000,  0.0000, 0.0000)
            (0.0000, 1.0000, -0.0000, 0.0000)
            (0.0000, 0.0000,  1.0000, 0.0000)
            (0.4556, 7.2791,  3.7612, 1.0000)>
MESH
Flag
<Matrix 4x4 (1.0000, 0.0000,  0.0000, 0.0000)
            (0.0000, 1.0000, -0.0000, 0.0000)
            (0.0000, 0.0000,  1.0000, 0.0000)
            (9.6098, 3.4548,  0.9019, 1.0000)>
MESH
Grass
<Matrix 4x4 ( 1.5000, 0.0000,  0.0000, 0.0000)
            ( 0.0000, 1.5000, -0.0000, 0.0000)
            ( 0.0000, 0.0000,  1.5000, 0.0000)
            (-2.7681, 0.8836, -3.7490, 1.0000)>
MESH
Fence
<Matrix 4x4 (-1.0000, -0.0000, -0.0070, 0.0000)
            (-0.0000,  1.0000,  0.0000, 0.0000)
            ( 0.0070,  0.0000, -1.0000, 0.0000)
            (-2.3682,  0.7154,  5.5509, 1.0000)>
MESH
Pipe
<Matrix 4x4 (  1.0000, 0.0000,  0.0000, 0.0000)
            (  0.0000, 1.0000, -0.0000, 0.0000)
            (  0.0000, 0.0000,  1.0000, 0.0000)
            (-37.2704, 0.8858, -3.2696, 1.0000)>
MESH
Crate
<Matrix 4x4 (  1.0000, 0.0000,  0.0000, 0.0000)
            (  0.0000, 1.0000, -0.0000, 0.0000)
            (  0.0000, 0.0000,  1.0000, 0.0000)
            (-34.9788, 1.4527,  1.7314, 1.0000)>
MESH
Platform_TopLeft
<Matrix 4x4 ( 4.0000, 0.0000,  0.0000, 0.0000)
            ( 0.0000, 1.0000, -0.0000, 0.0000)
            ( 0.0000, 0.0000,  4.0000, 0.0000)
            (-7.9981, 0.0000,  0.0000, 1.0000)>
MESH
Tree3
<Matrix 4x4 (-0.7581, 0.0000, -0.6521, 0.0000)
            (-0.0000, 1.0000,  0.0000, 0.0000)
            ( 0.6521, 0.0000, -0.7581, 0.0000)
            (-5.5631, 0.7260, -3.4358, 1.0000)>
MESH
Mushroom
<Matrix 4x4 (  0.4381, -0.0000, -0.8989, 0.0000)
            ( -0.0000,  1.0000, -0.0000, 0.0000)
            (  0.8989,  0.0000,  0.4381, 0.0000)
            (-31.3526,  0.9416,  4.6514, 1.0000)>
MESH
Platform_TopMiddle
<Matrix 4x4 (4.0000, 0.0000,  0.0000, 0.0000)
            (0.0000, 1.0000, -0.0000, 0.0000)
            (0.0000, 0.0000,  4.0000, 0.0000)
            (0.0000, 0.0000,  0.0000, 1.0000)>
MESH
Platform_TopRight
<Matrix 4x4 (4.0000, 0.0000,  0.0000, 0.0000)
            (0.0000, 1.0000, -0.0000, 0.0000)
            (0.0000, 0.0000,  4.0000, 0.0000)
            (8.0002, 0.0000,  0.0000, 1.0000)>
MESH
Tree1
<Matrix 4x4 ( 1.0000, 0.0000,  0.0000, 0.0000)
            ( 0.0000, 1.0000, -0.0000, 0.0000)
            ( 0.0000, 0.0000,  1.0000, 0.0000)
            (-4.9229, 0.7336,  4.0181, 1.0000)>
MESH
Spikes_Platform
<Matrix 4x4 (1.0000, 0.0000,  0.0000, 0.0000)
            (0.0000, 1.0000, -0.0000, 0.0000)
            (0.0000, 0.0000,  1.0000, 0.0000)
            (1.9943, 0.8640, -0.3491, 1.0000)>
MESH
Tree1.001
<Matrix 4x4 (-0.7202, 0.0000, -0.2092, 0.0000)
            (-0.0000, 0.7500,  0.0000, 0.0000)
            ( 0.2092, 0.0000, -0.7202, 0.0000)
            (-6.7471, 0.8250,  2.7420, 1.0000)>
MESH
Grass.001
<Matrix 4x4 ( 0.8774, 0.0000, -1.2166, 0.0000)
            (-0.1081, 1.4941, -0.0780, 0.0000)
            ( 1.2118, 0.1333,  0.8740, 0.0000)
            (-7.1881, 0.8836, -3.5890, 1.0000)>
MESH
Grass.002
<Matrix 4x4 (-1.4918, 0.0000, -0.1568, 0.0000)
            (-0.0000, 1.5000,  0.0000, 0.0000)
            ( 0.1568, 0.0000, -1.4918, 0.0000)
            (-5.3481, 0.8836,  2.8510, 1.0000)>
MESH
Grass.003
<Matrix 4x4 ( 1.0268, 0.0000, -1.0935, 0.0000)
            (-0.0000, 1.5000, -0.0000, 0.0000)
            ( 1.0935, 0.0000,  1.0268, 0.0000)
            (-2.7681, 0.8836,  3.7810, 1.0000)>
MESH
Crate.001
<Matrix 4x4 (  1.0000, 0.0000,  0.0000, 0.0000)
            (  0.0000, 1.0000, -0.0000, 0.0000)
            (  0.0000, 0.0000,  1.0000, 0.0000)
            (-34.9468, 1.4527,  2.7214, 1.0000)>
MESH
Crate.002
<Matrix 4x4 (  1.0000, 0.0000,  0.0000, 0.0000)
            (  0.0000, 1.0000, -0.0000, 0.0000)
            (  0.0000, 0.0000,  1.0000, 0.0000)
            (-35.0282, 2.4527,  1.7314, 1.0000)>
MESH
Fence.001
<Matrix 4x4 ( 1.0000, 0.0000,  0.0000, 0.0000)
            ( 0.0000, 1.0000, -0.0000, 0.0000)
            ( 0.0000, 0.0000,  1.0000, 0.0000)
            (-5.5782, 0.7154,  5.5509, 1.0000)>
MESH
Fence.002
<Matrix 4x4 (1.0000, 0.0000,  0.0000, 0.0000)
            (0.0000, 1.0000, -0.0000, 0.0000)
            (0.0000, 0.0000,  1.0000, 0.0000)
            (6.3818, 0.7154, -5.4391, 1.0000)>
MESH
Fence.003
<Matrix 4x4 (-1.0000, 0.0000,  0.0052, 0.0000)
            ( 0.0000, 1.0000,  0.0000, 0.0000)
            (-0.0052, 0.0000, -1.0000, 0.0000)
            ( 3.2318, 0.7154, -5.4391, 1.0000)>
MESH
Coin
<Matrix 4x4 (  1.0000, 0.0000,  0.0000, 0.0000)
            (  0.0000, 1.0000, -0.0000, 0.0000)
            (  0.0000, 0.0000,  1.0000, 0.0000)
            (-34.9532, 3.4375,  1.7800, 1.0000)>
MESH
Coin.001
<Matrix 4x4 ( 1.0000, 0.0000,  0.0000, 0.0000)
            ( 0.0000, 1.0000, -0.0000, 0.0000)
            ( 0.0000, 0.0000,  1.0000, 0.0000)
            (-2.9600, 1.4570,  0.4195, 1.0000)>
MESH
Coin.002
<Matrix 4x4 ( 1.0000, 0.0000,  0.0000, 0.0000)
            ( 0.0000, 1.0000, -0.0000, 0.0000)
            ( 0.0000, 0.0000,  1.0000, 0.0000)
            (-3.7895, 1.4570,  0.4195, 1.0000)>
MESH
Coin.003
<Matrix 4x4 (1.0000, 0.0000,  0.0000, 0.0000)
            (0.0000, 1.0000, -0.0000, 0.0000)
            (0.0000, 0.0000,  1.0000, 0.0000)
            (0.0400, 3.4170,  0.4195, 1.0000)>
MESH
Platform_CenterMiddle.001
<Matrix 4x4 (1.0000, 0.0000,  0.0000, 0.0000)
            (0.0000, 1.0000, -0.0000, 0.0000)
            (0.0000, 0.0000,  1.0000, 0.0000)
            (0.1340, 1.9245,  0.4805, 1.0000)>
MESH
Platform_CenterMiddle.002
<Matrix 4x4 (-0.0183, 0.0000, -1.4999, 0.0000)
            (-0.0000, 1.5000,  0.0000, 0.0000)
            ( 0.9999, 0.0000, -0.0122, 0.0000)
            ( 4.4606, 2.4270,  0.4606, 1.0000)>
MESH
Spikes_Platform.001
<Matrix 4x4 (1.0000, 0.0000,  0.0000, 0.0000)
            (0.0000, 1.0000, -0.0000, 0.0000)
            (0.0000, 0.0000,  1.0000, 0.0000)
            (2.0255, 0.8677,  1.3135, 1.0000)>
MESH
Platform_CenterMiddle.003
<Matrix 4x4 (-0.0183, 0.0000, -1.4999, 0.0000)
            (-0.0000, 1.5000,  0.0000, 0.0000)
            ( 0.9999, 0.0000, -0.0122, 0.0000)
            ( 9.3137, 1.9940,  0.5497, 1.0000)>
MESH
Spikes_Platform.002
<Matrix 4x4 (1.0000, 0.0000,  0.0000, 0.0000)
            (0.0000, 1.0000, -0.0000, 0.0000)
            (0.0000, 0.0000,  1.0000, 0.0000)
            (6.8993, 0.8362, -0.2162, 1.0000)>
MESH
Spikes_Platform.003
<Matrix 4x4 (1.0000, 0.0000,  0.0000, 0.0000)
            (0.0000, 1.0000, -0.0000, 0.0000)
            (0.0000, 0.0000,  1.0000, 0.0000)
            (6.8692, 0.8005,  1.4945, 1.0000)>
MESH
Coin.004
<Matrix 4x4 (1.0000, 0.0000,  0.0000, 0.0000)
            (0.0000, 1.0000, -0.0000, 0.0000)
            (0.0000, 0.0000,  1.0000, 0.0000)
            (3.8174, 4.3438,  0.3937, 1.0000)>
MESH
Coin.005
<Matrix 4x4 ( 1.0000, 0.0000,  0.0000, 0.0000)
            ( 0.0000, 1.0000, -0.0000, 0.0000)
            ( 0.0000, 0.0000,  1.0000, 0.0000)
            (-2.1100, 1.4570,  0.4195, 1.0000)>
MESH
Coin.006
<Matrix 4x4 (1.0000, 0.0000,  0.0000, 0.0000)
            (0.0000, 1.0000, -0.0000, 0.0000)
            (0.0000, 0.0000,  1.0000, 0.0000)
            (5.0108, 4.3064,  0.3834, 1.0000)>
MESH
Star.001
<Matrix 4x4 (  1.0000, 0.0000,  0.0000, 0.0000)
            (  0.0000, 1.0000, -0.0000, 0.0000)
            (  0.0000, 0.0000,  1.0000, 0.0000)
            (-17.8034, 4.2947, -0.3793, 1.0000)>
MESH
Star.002
<Matrix 4x4 (  1.0000, 0.0000,  0.0000, 0.0000)
            (  0.0000, 1.0000, -0.0000, 0.0000)
            (  0.0000, 0.0000,  1.0000, 0.0000)
            (-37.4511, 1.4768, -1.8089, 1.0000)>
MESH
Grass.004
<Matrix 4x4 ( 0.8774, 0.0000, -1.2166, 0.0000)
            (-0.1081, 1.4941, -0.0780, 0.0000)
            ( 1.2118, 0.1333,  0.8740, 0.0000)
            ( 9.3879, 0.7104, -3.9789, 1.0000)>
MESH
Grass.005
<Matrix 4x4 (-1.4918, 0.0000, -0.1568, 0.0000)
            (-0.0000, 1.5000,  0.0000, 0.0000)
            ( 0.1568, 0.0000, -1.4918, 0.0000)
            ( 6.6547, 0.8208, -5.0876, 1.0000)>
MESH
Grass.006
<Matrix 4x4 ( 1.0268, 0.0000, -1.0935, 0.0000)
            (-0.0000, 1.5000, -0.0000, 0.0000)
            ( 1.0935, 0.0000,  1.0268, 0.0000)
            ( 1.5189, 1.0855, -1.9708, 1.0000)>
MESH
Platform_TopLeft.001
<Matrix 4x4 (  4.0000, 0.0000,  0.0000, 0.0000)
            (  0.0000, 1.0000, -0.0000, 0.0000)
            (  0.0000, 0.0000,  4.0000, 0.0000)
            (-36.1915, 0.0000,  0.0000, 1.0000)>
MESH
Platform_TopRight.001
<Matrix 4x4 (  4.0000, 0.0000,  0.0000, 0.0000)
            (  0.0000, 1.0000, -0.0000, 0.0000)
            (  0.0000, 0.0000,  4.0000, 0.0000)
            (-28.2168, 0.0000,  0.0000, 1.0000)>
MESH
Tree1.002
<Matrix 4x4 (  0.6385, 0.0000, -0.3935, 0.0000)
            ( -0.0000, 0.7500, -0.0000, 0.0000)
            (  0.3935, 0.0000,  0.6385, 0.0000)
            (-38.6605, 0.8250,  2.7420, 1.0000)>
MESH
Tree1.003
<Matrix 4x4 ( -0.7338, 0.0000, -0.1549, 0.0000)
            ( -0.0000, 0.7500,  0.0000, 0.0000)
            (  0.1549, 0.0000, -0.7338, 0.0000)
            (-32.1530, 0.8250,  4.1013, 1.0000)>
MESH
Fence.004
<Matrix 4x4 ( -1.0000, 0.0000,  0.0052, 0.0000)
            (  0.0000, 1.0000,  0.0000, 0.0000)
            ( -0.0052, 0.0000, -1.0000, 0.0000)
            (-34.6144, 0.7154, -5.4391, 1.0000)>
MESH
Fence.005
<Matrix 4x4 ( -1.0000, 0.0000,  0.0052, 0.0000)
            (  0.0000, 1.0000,  0.0000, 0.0000)
            ( -0.0052, 0.0000, -1.0000, 0.0000)
            (-31.4819, 0.7154, -5.4391, 1.0000)>
MESH
Fence.006
<Matrix 4x4 ( -1.0000, 0.0000,  0.0052, 0.0000)
            (  0.0000, 1.0000,  0.0000, 0.0000)
            ( -0.0052, 0.0000, -1.0000, 0.0000)
            (-28.3801, 0.7154, -5.4391, 1.0000)>
MESH
Cloud1.004
<Matrix 4x4 (  0.8382, 0.0000,  0.5454, 0.0000)
            (  0.0000, 1.0000, -0.0000, 0.0000)
            ( -0.5454, 0.0000,  0.8382, 0.0000)
            (-27.5481, 6.5375,  2.7582, 1.0000)>
  MESH
  Cloud1
  <Matrix 4x4 (1.0000, 0.0000,  0.0000, 0.0000)
            (0.0000, 1.0000, -0.0000, 0.0000)
            (0.0000, 0.0000,  1.0000, 0.0000)
            (0.4029, 6.0004,  3.5937, 1.0000)>
  MESH
  Cloud1.001
  <Matrix 4x4 (1.0000, 0.0000,  0.0000, 0.0000)
            (0.0000, 1.0000, -0.0000, 0.0000)
            (0.0000, 0.0000,  1.0000, 0.0000)
            (2.7701, 7.5963, -2.5440, 1.0000)>
  MESH
  Cloud1.002
  <Matrix 4x4 ( 1.0000, 0.0000,  0.0000, 0.0000)
            ( 0.0000, 1.0000, -0.0000, 0.0000)
            ( 0.0000, 0.0000,  1.0000, 0.0000)
            (-6.8983, 9.4121, -1.8653, 1.0000)>
  MESH
  Cloud1.003
  <Matrix 4x4 ( -0.8350, 0.0000,  0.5502, 0.0000)
            (  0.0000, 1.0000,  0.0000, 0.0000)
            ( -0.5502, 0.0000, -0.8350, 0.0000)
            (-34.6250, 6.7648, -1.8653, 1.0000)>
  MESH
  Cloud1.005
  <Matrix 4x4 (  0.8382, 0.0000,  0.5454, 0.0000)
            (  0.0000, 1.0000, -0.0000, 0.0000)
            ( -0.5454, 0.0000,  0.8382, 0.0000)
            (-17.2112, 9.5066,  2.7582, 1.0000)>
  MESH
  Cloud1.006
  <Matrix 4x4 ( -0.8350, 0.0000,  0.5502, 0.0000)
            (  0.0000, 1.0000,  0.0000, 0.0000)
            ( -0.5502, 0.0000, -0.8350, 0.0000)
            (-22.8941, 9.5549, -1.8653, 1.0000)>
MESH
Mushroom.001
<Matrix 4x4 (  1.0000, 0.0000,  0.0000, 0.0000)
            (  0.0000, 1.0000, -0.0000, 0.0000)
            (  0.0000, 0.0000,  1.0000, 0.0000)
            (-35.3653, 0.9416, -5.0613, 1.0000)>
MESH
Coin.007
<Matrix 4x4 (  1.0000, 0.0000,  0.0000, 0.0000)
            (  0.0000, 1.0000, -0.0000, 0.0000)
            (  0.0000, 0.0000,  1.0000, 0.0000)
            (-31.4694, 1.3900,  3.7119, 1.0000)>
MESH
Grass.007
<Matrix 4x4 (  0.8774, 0.0000, -1.2166, 0.0000)
            ( -0.1081, 1.4941, -0.0780, 0.0000)
            (  1.2118, 0.1333,  0.8740, 0.0000)
            (-28.0566, 0.8836, -3.5890, 1.0000)>
MESH
Grass.008
<Matrix 4x4 (  1.3429, 0.0000,  0.6683, 0.0000)
            (  0.0594, 1.4941, -0.1194, 0.0000)
            ( -0.6656, 0.1333,  1.3376, 0.0000)
            (-33.6751, 0.8836,  2.7444, 1.0000)>
MESH
Grass.009
<Matrix 4x4 ( -1.4954, 0.0000,  0.1174, 0.0000)
            (  0.0104, 1.4941,  0.1329, 0.0000)
            ( -0.1169, 0.1333, -1.4895, 0.0000)
            (-38.6317, 0.8836, -3.2342, 1.0000)>
MESH
Grass.010
<Matrix 4x4 ( -1.4954, 0.0000,  0.1174, 0.0000)
            (  0.0104, 1.4941,  0.1329, 0.0000)
            ( -0.1169, 0.1333, -1.4895, 0.0000)
            (-30.3810, 0.8836,  2.9805, 1.0000)>
MESH
Mushroom.002
<Matrix 4x4 (  6.5717,  0.0000, -13.4838, 0.0000)
            ( -0.0000, 15.0000,  -0.0000, 0.0000)
            ( 13.4838,  0.0000,   6.5717, 0.0000)
            (-17.6395, -6.7781,  -0.1539, 1.0000)>
MESH
Coin.008
<Matrix 4x4 (  1.0000, 0.0000,  0.0000, 0.0000)
            (  0.0000, 1.0000, -0.0000, 0.0000)
            (  0.0000, 0.0000,  1.0000, 0.0000)
            (-30.4844, 1.3900,  3.7119, 1.0000)>
MESH
Coin.009
<Matrix 4x4 (  1.0000, 0.0000,  0.0000, 0.0000)
            (  0.0000, 1.0000, -0.0000, 0.0000)
            (  0.0000, 0.0000,  1.0000, 0.0000)
            (-29.5419, 1.3900,  3.7119, 1.0000)>
MESH
Coin.010
<Matrix 4x4 (  1.0000, 0.0000,  0.0000, 0.0000)
            (  0.0000, 1.0000, -0.0000, 0.0000)
            (  0.0000, 0.0000,  1.0000, 0.0000)
            (-21.1270, 3.1815, -0.3114, 1.0000)>
MESH
Coin.011
<Matrix 4x4 (  1.0000, 0.0000,  0.0000, 0.0000)
            (  0.0000, 1.0000, -0.0000, 0.0000)
            (  0.0000, 0.0000,  1.0000, 0.0000)
            (-19.7414, 3.7113, -0.3114, 1.0000)>
MESH
Coin.012
<Matrix 4x4 (  1.0000, 0.0000,  0.0000, 0.0000)
            (  0.0000, 1.0000, -0.0000, 0.0000)
            (  0.0000, 0.0000,  1.0000, 0.0000)
            (-16.1904, 3.7113, -0.3114, 1.0000)>
MESH
Coin.013
<Matrix 4x4 (  1.0000, 0.0000,  0.0000, 0.0000)
            (  0.0000, 1.0000, -0.0000, 0.0000)
            (  0.0000, 0.0000,  1.0000, 0.0000)
            (-15.0367, 3.1442, -0.3114, 1.0000)>
MESH
Platform_TopRight.002
<Matrix 4x4 (  1.6200,  0.0000,  0.0000, 0.0000)
            (  0.0000,  1.2800, -0.0000, 0.0000)
            (  0.0000,  0.0000,  2.2800, 0.0000)
            (-15.8678, -7.1236,  0.0000, 1.0000)>
MESH
Platform_TopLeft.002
<Matrix 4x4 (  1.6200,  0.0000,  0.0000, 0.0000)
            (  0.0000,  1.2800, -0.0000, 0.0000)
            (  0.0000,  0.0000,  2.2800, 0.0000)
            (-19.1264, -7.1236,  0.0000, 1.0000)>
MESH
SkyBox
<Matrix 4x4 (  1.0000,  0.0000,   0.0000, 0.0000)
            (  0.0000,  0.0000,   1.0000, 0.0000)
            (  0.0000, -1.0000,   0.0000, 0.0000)
            (-20.4938,  0.0000, -25.9956, 1.0000)>
